Tiempo,     x,      u(x)
0, 0, 0
0, 0.0204082, 5.73058
0, 0.0408163, 11.3395
0, 0.0612245, 16.712
0, 0.0816327, 21.7467
0, 0.102041, 26.3598
0, 0.122449, 30.4887
0, 0.142857, 34.0923
0, 0.163265, 37.1497
0, 0.183673, 39.658
0, 0.204082, 41.6279
0, 0.22449, 43.0794
0, 0.244898, 44.0377
0, 0.265306, 44.5298
0, 0.285714, 44.5814
0, 0.306122, 44.2167
0, 0.326531, 43.4573
0, 0.346939, 42.3243
0, 0.367347, 40.8398
0, 0.387755, 39.0291
0, 0.408163, 36.923
0, 0.428571, 34.5592
0, 0.44898, 31.9834
0, 0.469388, 29.2484
0, 0.489796, 26.4131
0, 0.510204, 23.5402
0, 0.530612, 20.6926
0, 0.55102, 17.9307
0, 0.571429, 15.3084
0, 0.591837, 12.8711
0, 0.612245, 10.6529
0, 0.632653, 8.67605
0, 0.653061, 6.95083
0, 0.673469, 5.47626
0, 0.693878, 4.24183
0, 0.714286, 3.2296
0, 0.734694, 2.41653
0, 0.755102, 1.7767
0, 0.77551, 1.28339
0, 0.795918, 0.910711
0, 0.816327, 0.6348
0, 0.836735, 0.434589
0, 0.857143, 0.292158
0, 0.877551, 0.192769
0, 0.897959, 0.124661
0, 0.918367, 0.0786926
0, 0.938776, 0.0479037
0, 0.959184, 0.027049
0, 0.979592, 0.0121388
0, 1, 0
0.1, 0, 0
0.1, 0.0204082, 5.45675
0.1, 0.0408163, 10.8066
0.1, 0.0612245, 15.948
0.1, 0.0816327, 20.7898
0.1, 0.102041, 25.2547
0.1, 0.122449, 29.2822
0.1, 0.142857, 32.8291
0.1, 0.163265, 35.8694
0.1, 0.183673, 38.3922
0.1, 0.204082, 40.3993
0.1, 0.22449, 41.9021
0.1, 0.244898, 42.9182
0.1, 0.265306, 43.4692
0.1, 0.285714, 43.578
0.1, 0.306122, 43.2684
0.1, 0.326531, 42.564
0.1, 0.346939, 41.4894
0.1, 0.367347, 40.071
0.1, 0.387755, 38.338
0.1, 0.408163, 36.3243
0.1, 0.428571, 34.0689
0.1, 0.44898, 31.6163
0.1, 0.469388, 29.0166
0.1, 0.489796, 26.3235
0.1, 0.510204, 23.5932
0.1, 0.530612, 20.8817
0.1, 0.55102, 18.2423
0.1, 0.571429, 15.7231
0.1, 0.591837, 13.3651
0.1, 0.612245, 11.2
0.1, 0.632653, 9.24985
0.1, 0.653061, 7.52645
0.1, 0.673469, 6.03211
0.1, 0.693878, 4.76069
0.1, 0.714286, 3.69917
0.1, 0.734694, 2.82939
0.1, 0.755102, 2.12995
0.1, 0.77551, 1.57788
0.1, 0.795918, 1.15016
0.1, 0.816327, 0.824831
0.1, 0.836735, 0.581865
0.1, 0.857143, 0.403641
0.1, 0.877551, 0.275147
0.1, 0.897959, 0.183957
0.1, 0.918367, 0.120024
0.1, 0.938776, 0.075368
0.1, 0.959184, 0.0436911
0.1, 0.979592, 0.0199635
0.1, 1, 0
0.2, 0, 0
0.2, 0.0204082, 5.21434
0.2, 0.0408163, 10.3333
0.2, 0.0612245, 15.2659
0.2, 0.0816327, 19.9291
0.2, 0.102041, 24.2513
0.2, 0.122449, 28.1743
0.2, 0.142857, 31.6543
0.2, 0.163265, 34.662
0.2, 0.183673, 37.1812
0.2, 0.204082, 39.2074
0.2, 0.22449, 40.7456
0.2, 0.244898, 41.8078
0.2, 0.265306, 42.4109
0.2, 0.285714, 42.5754
0.2, 0.306122, 42.3239
0.2, 0.326531, 41.6808
0.2, 0.346939, 40.6725
0.2, 0.367347, 39.3276
0.2, 0.387755, 37.6778
0.2, 0.408163, 35.7584
0.2, 0.428571, 33.609
0.2, 0.44898, 31.273
0.2, 0.469388, 28.7978
0.2, 0.489796, 26.2333
0.2, 0.510204, 23.6308
0.2, 0.530612, 21.0407
0.2, 0.55102, 18.5112
0.2, 0.571429, 16.0858
0.2, 0.591837, 13.8017
0.2, 0.612245, 11.6887
0.2, 0.632653, 9.7683
0.2, 0.653061, 8.05327
0.2, 0.673469, 6.54821
0.2, 0.693878, 5.2502
0.2, 0.714286, 4.15001
0.2, 0.734694, 3.23346
0.2, 0.755102, 2.48294
0.2, 0.77551, 1.87882
0.2, 0.795918, 1.40077
0.2, 0.816327, 1.02883
0.2, 0.836735, 0.744248
0.2, 0.857143, 0.530026
0.2, 0.877551, 0.371241
0.2, 0.897959, 0.255131
0.2, 0.918367, 0.171023
0.2, 0.938776, 0.110114
0.2, 0.959184, 0.0651778
0.2, 0.979592, 0.0302026
0.2, 1, 0
0.3, 0, 0
0.3, 0.0204082, 4.99677
0.3, 0.0408163, 9.90743
0.3, 0.0612245, 14.6493
0.3, 0.0816327, 19.1464
0.3, 0.102041, 23.3317
0.3, 0.122449, 27.1497
0.3, 0.142857, 30.5567
0.3, 0.163265, 33.5213
0.3, 0.183673, 36.0242
0.3, 0.204082, 38.0563
0.3, 0.22449, 39.6178
0.3, 0.244898, 40.7164
0.3, 0.265306, 41.3654
0.3, 0.285714, 41.5828
0.3, 0.306122, 41.3899
0.3, 0.326531, 40.811
0.3, 0.346939, 39.8729
0.3, 0.367347, 38.6055
0.3, 0.387755, 37.0415
0.3, 0.408163, 35.2168
0.3, 0.428571, 33.1706
0.3, 0.44898, 30.9454
0.3, 0.469388, 28.5862
0.3, 0.489796, 26.1399
0.3, 0.510204, 23.6536
0.3, 0.530612, 21.1737
0.3, 0.55102, 18.7441
0.3, 0.571429, 16.4047
0.3, 0.591837, 14.1899
0.3, 0.612245, 12.1277
0.3, 0.632653, 10.2389
0.3, 0.653061, 8.53684
0.3, 0.673469, 7.02781
0.3, 0.693878, 5.7113
0.3, 0.714286, 4.58104
0.3, 0.734694, 3.62608
0.3, 0.755102, 2.83199
0.3, 0.77551, 2.18205
0.3, 0.795918, 1.65841
0.3, 0.816327, 1.24306
0.3, 0.836735, 0.918622
0.3, 0.857143, 0.668919
0.3, 0.877551, 0.47936
0.3, 0.897959, 0.337103
0.3, 0.918367, 0.231077
0.3, 0.938776, 0.151848
0.3, 0.959184, 0.0913991
0.3, 0.979592, 0.0428277
0.3, 1, 0
0.4, 0, 0
0.4, 0.0204082, 4.79925
0.4, 0.0408163, 9.51991
0.4, 0.0612245, 14.0862
0.4, 0.0816327, 18.4279
0.4, 0.102041, 22.4824
0.4, 0.122449, 26.1964
0.4, 0.142857, 29.527
0.4, 0.163265, 32.4419
0.4, 0.183673, 34.9195
0.4, 0.204082, 36.9477
0.4, 0.22449, 38.5233
0.4, 0.244898, 39.6505
0.4, 0.265306, 40.3398
0.4, 0.285714, 40.6067
0.4, 0.306122, 40.4713
0.4, 0.326531, 39.957
0.4, 0.346939, 39.0907
0.4, 0.367347, 37.9022
0.4, 0.387755, 36.4245
0.4, 0.408163, 34.6934
0.4, 0.428571, 32.7475
0.4, 0.44898, 30.628
0.4, 0.469388, 28.3778
0.4, 0.489796, 26.0411
0.4, 0.510204, 23.662
0.4, 0.530612, 21.2834
0.4, 0.55102, 18.9458
0.4, 0.571429, 16.6863
0.4, 0.591837, 14.5368
0.4, 0.612245, 12.5238
0.4, 0.632653, 10.6676
0.4, 0.653061, 8.98188
0.4, 0.673469, 7.47401
0.4, 0.693878, 6.14536
0.4, 0.714286, 4.99203
0.4, 0.734694, 4.00567
0.4, 0.755102, 3.17454
0.4, 0.77551, 2.48444
0.4, 0.795918, 1.91977
0.4, 0.816327, 1.46433
0.4, 0.836735, 1.10215
0.4, 0.857143, 0.817965
0.4, 0.877551, 0.597673
0.4, 0.897959, 0.428543
0.4, 0.918367, 0.299287
0.4, 0.938776, 0.200008
0.4, 0.959184, 0.122039
0.4, 0.979592, 0.0577
0.4, 1, 0
0.5, 0, 0
0.5, 0.0204082, 4.61821
0.5, 0.0408163, 9.16408
0.5, 0.0612245, 13.5677
0.5, 0.0816327, 17.7636
0.5, 0.102041, 21.6931
0.5, 0.122449, 25.3051
0.5, 0.142857, 28.5579
0.5, 0.163265, 31.4189
0.5, 0.183673, 33.8651
0.5, 0.204082, 35.8823
0.5, 0.22449, 37.4648
0.5, 0.244898, 38.6142
0.5, 0.265306, 39.3385
0.5, 0.285714, 39.6515
0.5, 0.306122, 39.5714
0.5, 0.326531, 39.1208
0.5, 0.346939, 38.3258
0.5, 0.367347, 37.216
0.5, 0.387755, 35.8237
0.5, 0.408163, 34.1843
0.5, 0.428571, 32.3355
0.5, 0.44898, 30.317
0.5, 0.469388, 28.1698
0.5, 0.489796, 25.9358
0.5, 0.510204, 23.6564
0.5, 0.530612, 21.3718
0.5, 0.55102, 19.1199
0.5, 0.571429, 16.935
0.5, 0.591837, 14.8475
0.5, 0.612245, 12.8824
0.5, 0.632653, 11.0594
0.5, 0.653061, 9.39241
0.5, 0.673469, 7.88965
0.5, 0.693878, 6.55393
0.5, 0.714286, 5.38323
0.5, 0.734694, 4.37139
0.5, 0.755102, 3.50887
0.5, 0.77551, 2.78369
0.5, 0.795918, 2.18222
0.5, 0.816327, 1.68998
0.5, 0.836735, 1.29233
0.5, 0.857143, 0.974955
0.5, 0.877551, 0.72435
0.5, 0.897959, 0.528013
0.5, 0.918367, 0.374588
0.5, 0.938776, 0.25386
0.5, 0.959184, 0.156645
0.5, 0.979592, 0.0746058
0.5, 1, 0
0.6, 0, 0
0.6, 0.0204082, 4.45098
0.6, 0.0408163, 8.83491
0.6, 0.0612245, 13.0868
0.6, 0.0816327, 17.1455
0.6, 0.102041, 20.9555
0.6, 0.122449, 24.4684
0.6, 0.142857, 27.6433
0.6, 0.163265, 30.4479
0.6, 0.183673, 32.8585
0.6, 0.204082, 34.8595
0.6, 0.22449, 36.4434
0.6, 0.244898, 37.6097
0.6, 0.265306, 38.3646
0.6, 0.285714, 38.7199
0.6, 0.306122, 38.6925
0.6, 0.326531, 38.3036
0.6, 0.346939, 37.5784
0.6, 0.367347, 36.5457
0.6, 0.387755, 35.2371
0.6, 0.408163, 33.6869
0.6, 0.428571, 31.9317
0.6, 0.44898, 30.0097
0.6, 0.469388, 27.9603
0.6, 0.489796, 25.8231
0.6, 0.510204, 23.6373
0.6, 0.530612, 21.4408
0.6, 0.55102, 19.2692
0.6, 0.571429, 17.1548
0.6, 0.591837, 15.1263
0.6, 0.612245, 13.2078
0.6, 0.632653, 11.4183
0.6, 0.653061, 9.77182
0.6, 0.673469, 8.27725
0.6, 0.693878, 6.93855
0.6, 0.714286, 5.75521
0.6, 0.734694, 4.72284
0.6, 0.755102, 3.83382
0.6, 0.77551, 3.07807
0.6, 0.795918, 2.44371
0.6, 0.816327, 1.9178
0.6, 0.836735, 1.48697
0.6, 0.857143, 1.13788
0.6, 0.877551, 0.85764
0.6, 0.897959, 0.634069
0.6, 0.918367, 0.455858
0.6, 0.938776, 0.312591
0.6, 0.959184, 0.194693
0.6, 0.979592, 0.0932885
0.6, 1, 0
0.7, 0, 0
0.7, 0.0204082, 4.29552
0.7, 0.0408163, 8.52852
0.7, 0.0612245, 12.6383
0.7, 0.0816327, 16.5674
0.7, 0.102041, 20.2635
0.7, 0.122449, 23.6801
0.7, 0.142857, 26.7779
0.7, 0.163265, 29.5249
0.7, 0.183673, 31.8972
0.7, 0.204082, 33.8783
0.7, 0.22449, 35.4593
0.7, 0.244898, 36.6383
0.7, 0.265306, 37.4197
0.7, 0.285714, 37.8138
0.7, 0.306122, 37.8359
0.7, 0.326531, 37.5062
0.7, 0.346939, 36.8486
0.7, 0.367347, 35.8907
0.7, 0.387755, 34.6632
0.7, 0.408163, 33.1993
0.7, 0.428571, 31.5341
0.7, 0.44898, 29.7045
0.7, 0.469388, 27.7481
0.7, 0.489796, 25.7026
0.7, 0.510204, 23.6052
0.7, 0.530612, 21.4918
0.7, 0.55102, 19.396
0.7, 0.571429, 17.3485
0.7, 0.591837, 15.3767
0.7, 0.612245, 13.5034
0.7, 0.632653, 11.7476
0.7, 0.653061, 10.123
0.7, 0.673469, 8.63906
0.7, 0.693878, 7.30069
0.7, 0.714286, 6.10862
0.7, 0.734694, 5.05995
0.7, 0.755102, 4.14867
0.7, 0.77551, 3.36632
0.7, 0.795918, 2.7026
0.7, 0.816327, 2.14597
0.7, 0.836735, 1.68423
0.7, 0.857143, 1.30496
0.7, 0.877551, 0.995928
0.7, 0.897959, 0.745329
0.7, 0.918367, 0.541979
0.7, 0.938776, 0.375365
0.7, 0.959184, 0.235629
0.7, 0.979592, 0.113473
0.7, 1, 0
0.8, 0, 0
0.8, 0.0204082, 4.15023
0.8, 0.0408163, 8.2419
0.8, 0.0612245, 12.218
0.8, 0.0816327, 16.0245
0.8, 0.102041, 19.6117
0.8, 0.122449, 22.9354
0.8, 0.142857, 25.9574
0.8, 0.163265, 28.6466
0.8, 0.183673, 30.9789
0.8, 0.204082, 32.9374
0.8, 0.22449, 34.5122
0.8, 0.244898, 35.7002
0.8, 0.265306, 36.5045
0.8, 0.285714, 36.934
0.8, 0.306122, 37.0026
0.8, 0.326531, 36.7291
0.8, 0.346939, 36.1363
0.8, 0.367347, 35.2506
0.8, 0.387755, 34.1013
0.8, 0.408163, 32.7203
0.8, 0.428571, 31.1416
0.8, 0.44898, 29.4003
0.8, 0.469388, 27.5325
0.8, 0.489796, 25.5741
0.8, 0.510204, 23.5606
0.8, 0.530612, 21.526
0.8, 0.55102, 19.5022
0.8, 0.571429, 17.5186
0.8, 0.591837, 15.6012
0.8, 0.612245, 13.7723
0.8, 0.632653, 12.05
0.8, 0.653061, 10.4483
0.8, 0.673469, 8.97702
0.8, 0.693878, 7.64172
0.8, 0.714286, 6.44421
0.8, 0.734694, 5.38282
0.8, 0.755102, 4.45294
0.8, 0.77551, 3.64752
0.8, 0.795918, 2.95763
0.8, 0.816327, 2.37301
0.8, 0.836735, 1.88252
0.8, 0.857143, 1.47463
0.8, 0.877551, 1.13776
0.8, 0.897959, 0.860508
0.8, 0.918367, 0.631887
0.8, 0.938776, 0.441366
0.8, 0.959184, 0.278904
0.8, 0.979592, 0.134883
0.8, 1, 0
0.9, 0, 0
0.9, 0.0204082, 4.01386
0.9, 0.0408163, 7.97265
0.9, 0.0612245, 11.8227
0.9, 0.0816327, 15.5129
0.9, 0.102041, 18.9961
0.9, 0.122449, 22.2301
0.9, 0.142857, 25.1781
0.9, 0.163265, 27.8097
0.9, 0.183673, 30.1011
0.9, 0.204082, 32.0351
0.9, 0.22449, 33.6011
0.9, 0.244898, 34.7952
0.9, 0.265306, 35.6193
0.9, 0.285714, 36.0809
0.9, 0.306122, 36.1929
0.9, 0.326531, 35.9726
0.9, 0.346939, 35.4416
0.9, 0.367347, 34.6249
0.9, 0.387755, 33.5506
0.9, 0.408163, 32.2493
0.9, 0.428571, 30.7534
0.9, 0.44898, 29.0966
0.9, 0.469388, 27.3133
0.9, 0.489796, 25.4379
0.9, 0.510204, 23.5042
0.9, 0.530612, 21.5445
0.9, 0.55102, 19.5895
0.9, 0.571429, 17.6671
0.9, 0.591837, 15.8023
0.9, 0.612245, 14.0166
0.9, 0.632653, 12.3278
0.9, 0.653061, 10.7499
0.9, 0.673469, 9.29285
0.9, 0.693878, 7.9629
0.9, 0.714286, 6.76271
0.9, 0.734694, 5.69168
0.9, 0.755102, 4.74638
0.9, 0.77551, 3.92099
0.9, 0.795918, 3.20781
0.9, 0.816327, 2.59768
0.9, 0.836735, 2.08049
0.9, 0.857143, 1.64553
0.9, 0.877551, 1.28183
0.9, 0.897959, 0.97844
0.9, 0.918367, 0.724599
0.9, 0.938776, 0.509832
0.9, 0.959184, 0.323997
0.9, 0.979592, 0.157256
0.9, 1, 0
1, 0, 0
1, 0.0204082, 3.8854
1, 0.0408163, 7.71885
1, 0.0612245, 11.4496
1, 0.0816327, 15.0294
1, 0.102041, 18.4132
1, 0.122449, 21.5608
1, 0.142857, 24.4367
1, 0.163265, 27.0115
1, 0.183673, 29.2616
1, 0.204082, 31.1698
1, 0.22449, 32.7251
1, 0.244898, 33.9228
1, 0.265306, 34.7637
1, 0.285714, 35.2546
1, 0.306122, 35.4069
1, 0.326531, 35.2367
1, 0.346939, 34.7643
1, 0.367347, 34.0134
1, 0.387755, 33.0108
1, 0.408163, 31.7857
1, 0.428571, 30.3689
1, 0.44898, 28.7929
1, 0.469388, 27.0903
1, 0.489796, 25.2941
1, 0.510204, 23.4366
1, 0.530612, 21.5486
1, 0.55102, 19.6594
1, 0.571429, 17.7958
1, 0.591837, 15.9819
1, 0.612245, 14.2385
1, 0.632653, 12.5831
1, 0.653061, 11.0295
1, 0.673469, 9.58805
1, 0.693878, 8.26535
1, 0.714286, 7.06484
1, 0.734694, 5.98681
1, 0.755102, 5.02886
1, 0.77551, 4.18626
1, 0.795918, 3.45235
1, 0.816327, 2.81901
1, 0.836735, 2.27704
1, 0.857143, 1.81649
1, 0.877551, 1.42701
1, 0.897959, 1.09809
1, 0.918367, 0.819224
1, 0.938776, 0.58006
1, 0.959184, 0.370425
1, 0.979592, 0.180345
1, 1, 0
