Tiempo,     x,      u(x)
0, 0, 0
0, 0.0204082, 0.0096087
0, 0.0408163, 0.0211219
0, 0.0612245, 0.036646
0, 0.0816327, 0.0586845
0, 0.102041, 0.0903131
0, 0.122449, 0.135321
0, 0.142857, 0.198294
0, 0.163265, 0.284605
0, 0.183673, 0.400289
0, 0.204082, 0.551755
0, 0.22449, 0.745327
0, 0.244898, 0.986605
0, 0.265306, 1.27967
0, 0.285714, 1.62618
0, 0.306122, 2.02452
0, 0.326531, 2.469
0, 0.346939, 2.9494
0, 0.367347, 3.45091
0, 0.387755, 3.95451
0, 0.408163, 4.43802
0, 0.428571, 4.87757
0, 0.44898, 5.24953
0, 0.469388, 5.53256
0, 0.489796, 5.70971
0, 0.510204, 5.77002
0, 0.530612, 5.70971
0, 0.55102, 5.53256
0, 0.571429, 5.24953
0, 0.591837, 4.87757
0, 0.612245, 4.43802
0, 0.632653, 3.95451
0, 0.653061, 3.45091
0, 0.673469, 2.9494
0, 0.693878, 2.469
0, 0.714286, 2.02451
0, 0.734694, 1.62618
0, 0.755102, 1.27966
0, 0.77551, 0.986588
0, 0.795918, 0.745293
0, 0.816327, 0.551689
0, 0.836735, 0.400166
0, 0.857143, 0.284378
0, 0.877551, 0.197883
0, 0.897959, 0.134592
0, 0.918367, 0.0890432
0, 0.938776, 0.0565146
0, 0.959184, 0.0330107
0, 0.979592, 0.0151517
0, 1, 0
0.1, 0, 0
0.1, 0.0204082, 0.0147372
0.1, 0.0408163, 0.031836
0.1, 0.0612245, 0.0538342
0.1, 0.0816327, 0.0836079
0.1, 0.102041, 0.124506
0.1, 0.122449, 0.180435
0.1, 0.142857, 0.25588
0.1, 0.163265, 0.35583
0.1, 0.183673, 0.485592
0.1, 0.204082, 0.650479
0.1, 0.22449, 0.855361
0.1, 0.244898, 1.1041
0.1, 0.265306, 1.39891
0.1, 0.285714, 1.73964
0.1, 0.306122, 2.12323
0.1, 0.326531, 2.54317
0.1, 0.346939, 2.98929
0.1, 0.367347, 3.44791
0.1, 0.387755, 3.90227
0.1, 0.408163, 4.33349
0.1, 0.428571, 4.72173
0.1, 0.44898, 5.04772
0.1, 0.469388, 5.29435
0.1, 0.489796, 5.44811
0.1, 0.510204, 5.50036
0.1, 0.530612, 5.44811
0.1, 0.55102, 5.29435
0.1, 0.571429, 5.04772
0.1, 0.591837, 4.72173
0.1, 0.612245, 4.33349
0.1, 0.632653, 3.90227
0.1, 0.653061, 3.44791
0.1, 0.673469, 2.98929
0.1, 0.693878, 2.54316
0.1, 0.714286, 2.12323
0.1, 0.734694, 1.73963
0.1, 0.755102, 1.39888
0.1, 0.77551, 1.10405
0.1, 0.795918, 0.855275
0.1, 0.816327, 0.650322
0.1, 0.836735, 0.485313
0.1, 0.857143, 0.355342
0.1, 0.877551, 0.255042
0.1, 0.897959, 0.179021
0.1, 0.918367, 0.122162
0.1, 0.938776, 0.079792
0.1, 0.959184, 0.0477347
0.1, 0.979592, 0.0222655
0.1, 1, 0
0.2, 0, 0
0.2, 0.0204082, 0.0208776
0.2, 0.0408163, 0.0444977
0.2, 0.0612245, 0.0737425
0.2, 0.0816327, 0.111757
0.2, 0.102041, 0.162042
0.2, 0.122449, 0.228488
0.2, 0.142857, 0.315353
0.2, 0.163265, 0.427148
0.2, 0.183673, 0.568426
0.2, 0.204082, 0.743472
0.2, 0.22449, 0.955902
0.2, 0.244898, 1.20818
0.2, 0.265306, 1.5011
0.2, 0.285714, 1.83329
0.2, 0.306122, 2.20079
0.2, 0.326531, 2.59675
0.2, 0.346939, 3.01141
0.2, 0.367347, 3.43225
0.2, 0.387755, 3.84455
0.2, 0.408163, 4.23208
0.2, 0.428571, 4.57819
0.2, 0.44898, 4.86695
0.2, 0.469388, 5.08435
0.2, 0.489796, 5.21945
0.2, 0.510204, 5.26529
0.2, 0.530612, 5.21945
0.2, 0.55102, 5.08435
0.2, 0.571429, 4.86695
0.2, 0.591837, 4.57819
0.2, 0.612245, 4.23208
0.2, 0.632653, 3.84454
0.2, 0.653061, 3.43225
0.2, 0.673469, 3.0114
0.2, 0.693878, 2.59674
0.2, 0.714286, 2.20077
0.2, 0.734694, 1.83326
0.2, 0.755102, 1.50104
0.2, 0.77551, 1.20807
0.2, 0.795918, 0.955714
0.2, 0.816327, 0.743148
0.2, 0.836735, 0.567875
0.2, 0.857143, 0.426228
0.2, 0.877551, 0.313841
0.2, 0.897959, 0.226044
0.2, 0.918367, 0.158158
0.2, 0.938776, 0.105688
0.2, 0.959184, 0.0644193
0.2, 0.979592, 0.030423
0.2, 1, 0
0.3, 0, 0
0.3, 0.0204082, 0.0278242
0.3, 0.0408163, 0.0586792
0.3, 0.0612245, 0.0956959
0.3, 0.0816327, 0.142188
0.3, 0.102041, 0.201705
0.3, 0.122449, 0.278029
0.3, 0.142857, 0.37512
0.3, 0.163265, 0.49698
0.3, 0.183673, 0.647442
0.3, 0.204082, 0.829881
0.3, 0.22449, 1.04686
0.3, 0.244898, 1.29976
0.3, 0.265306, 1.58831
0.3, 0.285714, 1.91033
0.3, 0.306122, 2.26133
0.3, 0.326531, 2.63445
0.3, 0.346939, 3.02047
0.3, 0.367347, 3.40803
0.3, 0.387755, 3.78413
0.3, 0.408163, 4.13477
0.3, 0.428571, 4.44581
0.3, 0.44898, 4.70391
0.3, 0.469388, 4.89743
0.3, 0.489796, 5.01736
0.3, 0.510204, 5.05799
0.3, 0.530612, 5.01736
0.3, 0.55102, 4.89743
0.3, 0.571429, 4.7039
0.3, 0.591837, 4.44581
0.3, 0.612245, 4.13476
0.3, 0.632653, 3.78412
0.3, 0.653061, 3.40802
0.3, 0.673469, 3.02045
0.3, 0.693878, 2.63443
0.3, 0.714286, 2.26128
0.3, 0.734694, 1.91025
0.3, 0.755102, 1.58819
0.3, 0.77551, 1.29954
0.3, 0.795918, 1.0465
0.3, 0.816327, 0.829283
0.3, 0.836735, 0.646466
0.3, 0.857143, 0.495412
0.3, 0.877551, 0.37264
0.3, 0.897959, 0.274166
0.3, 0.918367, 0.195784
0.3, 0.938776, 0.133256
0.3, 0.959184, 0.0824352
0.3, 0.979592, 0.0393116
0.3, 1, 0
0.4, 0, 0
0.4, 0.0204082, 0.0353499
0.4, 0.0408163, 0.0739242
0.4, 0.0612245, 0.119009
0.4, 0.0816327, 0.173997
0.4, 0.102041, 0.242405
0.4, 0.122449, 0.327846
0.4, 0.142857, 0.433949
0.4, 0.163265, 0.564218
0.4, 0.183673, 0.721831
0.4, 0.204082, 0.909382
0.4, 0.22449, 1.12859
0.4, 0.244898, 1.37996
0.4, 0.265306, 1.6625
0.4, 0.285714, 1.97347
0.4, 0.306122, 2.30814
0.4, 0.326531, 2.65982
0.4, 0.346939, 3.01987
0.4, 0.367347, 3.37803
0.4, 0.387755, 3.72278
0.4, 0.408163, 4.04196
0.4, 0.428571, 4.32345
0.4, 0.44898, 4.55594
0.4, 0.469388, 4.72965
0.4, 0.489796, 4.83705
0.4, 0.510204, 4.87339
0.4, 0.530612, 4.83705
0.4, 0.55102, 4.72965
0.4, 0.571429, 4.55593
0.4, 0.591837, 4.32345
0.4, 0.612245, 4.04195
0.4, 0.632653, 3.72277
0.4, 0.653061, 3.37802
0.4, 0.673469, 3.01985
0.4, 0.693878, 2.65977
0.4, 0.714286, 2.30806
0.4, 0.734694, 1.97332
0.4, 0.755102, 1.66227
0.4, 0.77551, 1.37957
0.4, 0.795918, 1.12796
0.4, 0.816327, 0.908374
0.4, 0.836735, 0.720243
0.4, 0.857143, 0.561753
0.4, 0.877551, 0.430177
0.4, 0.897959, 0.322158
0.4, 0.918367, 0.233954
0.4, 0.938776, 0.16163
0.4, 0.959184, 0.101185
0.4, 0.979592, 0.0486275
0.4, 1, 0
0.5, 0, 0
0.5, 0.0204082, 0.0432335
0.5, 0.0408163, 0.0897968
0.5, 0.0612245, 0.143046
0.5, 0.0816327, 0.206379
0.5, 0.102041, 0.283219
0.5, 0.122449, 0.376971
0.5, 0.142857, 0.490927
0.5, 0.163265, 0.628124
0.5, 0.183673, 0.791164
0.5, 0.204082, 0.981988
0.5, 0.22449, 1.20163
0.5, 0.244898, 1.44995
0.5, 0.265306, 1.72544
0.5, 0.285714, 2.025
0.5, 0.306122, 2.34386
0.5, 0.326531, 2.67557
0.5, 0.346939, 3.01212
0.5, 0.367347, 3.34422
0.5, 0.387755, 3.66163
0.5, 0.408163, 3.95374
0.5, 0.428571, 4.21006
0.5, 0.44898, 4.4209
0.5, 0.469388, 4.57796
0.5, 0.489796, 4.67488
0.5, 0.510204, 4.70764
0.5, 0.530612, 4.67488
0.5, 0.55102, 4.57796
0.5, 0.571429, 4.4209
0.5, 0.591837, 4.21005
0.5, 0.612245, 3.95373
0.5, 0.632653, 3.66162
0.5, 0.653061, 3.34418
0.5, 0.673469, 3.01206
0.5, 0.693878, 2.67547
0.5, 0.714286, 2.3437
0.5, 0.734694, 2.02474
0.5, 0.755102, 1.72503
0.5, 0.77551, 1.4493
0.5, 0.795918, 1.20061
0.5, 0.816327, 0.98041
0.5, 0.836735, 0.788754
0.5, 0.857143, 0.624491
0.5, 0.877551, 0.485526
0.5, 0.897959, 0.369055
0.5, 0.918367, 0.271778
0.5, 0.938776, 0.190076
0.5, 0.959184, 0.120149
0.5, 0.979592, 0.0581015
0.5, 1, 0
0.6, 0, 0
0.6, 0.0204082, 0.051276
0.6, 0.0408163, 0.10591
0.6, 0.0612245, 0.167258
0.6, 0.0816327, 0.238659
0.6, 0.102041, 0.323403
0.6, 0.122449, 0.424664
0.6, 0.142857, 0.545404
0.6, 0.163265, 0.68824
0.6, 0.183673, 0.855275
0.6, 0.204082, 1.04791
0.6, 0.22449, 1.26664
0.6, 0.244898, 1.51085
0.6, 0.265306, 1.77867
0.6, 0.285714, 2.06681
0.6, 0.306122, 2.37055
0.6, 0.326531, 2.68376
0.6, 0.346939, 2.99904
0.6, 0.367347, 3.30795
0.6, 0.387755, 3.6014
0.6, 0.408163, 3.87002
0.6, 0.428571, 4.10469
0.6, 0.44898, 4.29705
0.6, 0.469388, 4.43996
0.6, 0.489796, 4.52799
0.6, 0.510204, 4.55772
0.6, 0.530612, 4.52799
0.6, 0.55102, 4.43996
0.6, 0.571429, 4.29704
0.6, 0.591837, 4.10468
0.6, 0.612245, 3.87
0.6, 0.632653, 3.60136
0.6, 0.653061, 3.30789
0.6, 0.673469, 2.99894
0.6, 0.693878, 2.6836
0.6, 0.714286, 2.37029
0.6, 0.734694, 2.06639
0.6, 0.755102, 1.77801
0.6, 0.77551, 1.50984
0.6, 0.795918, 1.2651
0.6, 0.816327, 1.04558
0.6, 0.836735, 0.851816
0.6, 0.857143, 0.683161
0.6, 0.877551, 0.538046
0.6, 0.897959, 0.414143
0.6, 0.918367, 0.308562
0.6, 0.938776, 0.218003
0.6, 0.959184, 0.1389
0.6, 0.979592, 0.0675104
0.6, 1, 0
0.7, 0, 0
0.7, 0.0204082, 0.0593084
0.7, 0.0408163, 0.12194
0.7, 0.0612245, 0.19119
0.7, 0.0816327, 0.270296
0.7, 0.102041, 0.36238
0.7, 0.122449, 0.47038
0.7, 0.142857, 0.596944
0.7, 0.163265, 0.744315
0.7, 0.183673, 0.914171
0.7, 0.204082, 1.10747
0.7, 0.22449, 1.3243
0.7, 0.244898, 1.56369
0.7, 0.265306, 1.82353
0.7, 0.285714, 2.10047
0.7, 0.306122, 2.38989
0.7, 0.326531, 2.68601
0.7, 0.346939, 2.982
0.7, 0.367347, 3.27022
0.7, 0.387755, 3.54252
0.7, 0.408163, 3.79062
0.7, 0.428571, 4.00652
0.7, 0.44898, 4.18294
0.7, 0.469388, 4.31371
0.7, 0.489796, 4.39413
0.7, 0.510204, 4.42127
0.7, 0.530612, 4.39412
0.7, 0.55102, 4.3137
0.7, 0.571429, 4.18293
0.7, 0.591837, 4.00649
0.7, 0.612245, 3.79058
0.7, 0.632653, 3.54245
0.7, 0.653061, 3.27011
0.7, 0.673469, 2.98183
0.7, 0.693878, 2.68574
0.7, 0.714286, 2.38947
0.7, 0.734694, 2.09982
0.7, 0.755102, 1.82254
0.7, 0.77551, 1.5622
0.7, 0.795918, 1.32208
0.7, 0.816327, 1.10421
0.7, 0.836735, 0.909431
0.7, 0.857143, 0.737517
0.7, 0.877551, 0.587318
0.7, 0.897959, 0.456917
0.7, 0.918367, 0.343794
0.7, 0.938776, 0.244962
0.7, 0.959184, 0.157105
0.7, 0.979592, 0.0766786
0.7, 1, 0
0.8, 0, 0
0.8, 0.0204082, 0.0671935
0.8, 0.0408163, 0.137624
0.8, 0.0612245, 0.214485
0.8, 0.0816327, 0.300872
0.8, 0.102041, 0.399724
0.8, 0.122449, 0.513738
0.8, 0.142857, 0.645277
0.8, 0.163265, 0.796248
0.8, 0.183673, 0.967975
0.8, 0.204082, 1.16106
0.8, 0.22449, 1.37528
0.8, 0.244898, 1.6094
0.8, 0.265306, 1.86117
0.8, 0.285714, 2.12725
0.8, 0.306122, 2.40318
0.8, 0.326531, 2.68354
0.8, 0.346939, 2.96203
0.8, 0.367347, 3.2317
0.8, 0.387755, 3.48525
0.8, 0.408163, 3.7153
0.8, 0.428571, 3.9148
0.8, 0.44898, 4.07737
0.8, 0.469388, 4.19762
0.8, 0.489796, 4.27147
0.8, 0.510204, 4.29638
0.8, 0.530612, 4.27147
0.8, 0.55102, 4.19761
0.8, 0.571429, 4.07735
0.8, 0.591837, 3.91476
0.8, 0.612245, 3.71523
0.8, 0.632653, 3.48514
0.8, 0.653061, 3.23153
0.8, 0.673469, 2.96176
0.8, 0.693878, 2.68313
0.8, 0.714286, 2.40255
0.8, 0.734694, 2.12629
0.8, 0.755102, 1.85974
0.8, 0.77551, 1.6073
0.8, 0.795918, 1.37222
0.8, 0.816327, 1.15667
0.8, 0.836735, 0.961726
0.8, 0.857143, 0.787473
0.8, 0.877551, 0.633101
0.8, 0.897959, 0.497046
0.8, 0.918367, 0.377116
0.8, 0.938776, 0.270627
0.8, 0.959184, 0.17452
0.8, 0.979592, 0.0854747
0.8, 1, 0
0.9, 0, 0
0.9, 0.0204082, 0.0748251
0.9, 0.0408163, 0.152763
0.9, 0.0612245, 0.23687
0.9, 0.0816327, 0.330079
0.9, 0.102041, 0.435132
0.9, 0.122449, 0.554494
0.9, 0.142857, 0.690259
0.9, 0.163265, 0.844046
0.9, 0.183673, 1.01688
0.9, 0.204082, 1.20909
0.9, 0.22449, 1.42018
0.9, 0.244898, 1.64878
0.9, 0.265306, 1.89256
0.9, 0.285714, 2.14821
0.9, 0.306122, 2.4115
0.9, 0.326531, 2.67733
0.9, 0.346939, 2.93991
0.9, 0.367347, 3.1929
0.9, 0.387755, 3.42973
0.9, 0.408163, 3.64381
0.9, 0.428571, 3.8289
0.9, 0.44898, 3.97934
0.9, 0.469388, 4.09041
0.9, 0.489796, 4.15854
0.9, 0.510204, 4.1815
0.9, 0.530612, 4.15853
0.9, 0.55102, 4.09039
0.9, 0.571429, 3.9793
0.9, 0.591837, 3.82883
0.9, 0.612245, 3.6437
0.9, 0.632653, 3.42955
0.9, 0.653061, 3.19263
0.9, 0.673469, 2.9395
0.9, 0.693878, 2.67672
0.9, 0.714286, 2.41058
0.9, 0.734694, 2.14685
0.9, 0.755102, 1.89058
0.9, 0.77551, 1.64593
0.9, 0.795918, 1.41612
0.9, 0.816327, 1.20337
0.9, 0.836735, 1.00891
0.9, 0.857143, 0.833059
0.9, 0.877551, 0.675291
0.9, 0.897959, 0.534336
0.9, 0.918367, 0.408299
0.9, 0.938776, 0.294777
0.9, 0.959184, 0.190975
0.9, 0.979592, 0.0938061
0.9, 1, 0
1, 0, 0
1, 0.0204082, 0.0821243
1, 0.0408163, 0.16721
1, 0.0612245, 0.258152
1, 0.0816327, 0.357704
1, 0.102041, 0.468408
1, 0.122449, 0.592505
1, 0.142857, 0.731845
1, 0.163265, 0.887793
1, 0.183673, 1.06113
1, 0.204082, 1.25195
1, 0.22449, 1.45959
1, 0.244898, 1.68256
1, 0.265306, 1.91851
1, 0.285714, 2.16423
1, 0.306122, 2.41569
1, 0.326531, 2.66814
1, 0.346939, 2.91622
1, 0.367347, 3.15416
1, 0.387755, 3.37603
1, 0.408163, 3.57591
1, 0.428571, 3.74823
1, 0.44898, 3.88799
1, 0.469388, 3.991
1, 0.489796, 4.05411
1, 0.510204, 4.07536
1, 0.530612, 4.05409
1, 0.55102, 3.99096
1, 0.571429, 3.88792
1, 0.591837, 3.74812
1, 0.612245, 3.57574
1, 0.632653, 3.37577
1, 0.653061, 3.15377
1, 0.673469, 2.91562
1, 0.693878, 2.66726
1, 0.714286, 2.41442
1, 0.734694, 2.16239
1, 0.755102, 1.91587
1, 0.77551, 1.67883
1, 0.795918, 1.45436
1, 0.816327, 1.24472
1, 0.836735, 1.05123
1, 0.857143, 0.874386
1, 0.877551, 0.713881
1, 0.897959, 0.5687
1, 0.918367, 0.437212
1, 0.938776, 0.317279
1, 0.959184, 0.206359
1, 0.979592, 0.101612
1, 1, 0
