Tiempo,     x,      u(x)
0, 0, 0
0, 0.0204082, 2.29709
0, 0.0408163, 4.54661
0, 0.0612245, 6.70397
0, 0.0816327, 8.73014
0, 0.102041, 10.5938
0, 0.122449, 12.2726
0, 0.142857, 13.7538
0, 0.163265, 15.0337
0, 0.183673, 16.1171
0, 0.204082, 17.0154
0, 0.22449, 17.7451
0, 0.244898, 18.3258
0, 0.265306, 18.7785
0, 0.285714, 19.1244
0, 0.306122, 19.3834
0, 0.326531, 19.5734
0, 0.346939, 19.7101
0, 0.367347, 19.8063
0, 0.387755, 19.8728
0, 0.408163, 19.9176
0, 0.428571, 19.9471
0, 0.44898, 19.9656
0, 0.469388, 19.9764
0, 0.489796, 19.9813
0, 0.510204, 19.9813
0, 0.530612, 19.9764
0, 0.55102, 19.9656
0, 0.571429, 19.9471
0, 0.591837, 19.9176
0, 0.612245, 19.8728
0, 0.632653, 19.8063
0, 0.653061, 19.7101
0, 0.673469, 19.5734
0, 0.693878, 19.3834
0, 0.714286, 19.1244
0, 0.734694, 18.7785
0, 0.755102, 18.3258
0, 0.77551, 17.7451
0, 0.795918, 17.0154
0, 0.816327, 16.1171
0, 0.836735, 15.0337
0, 0.857143, 13.7538
0, 0.877551, 12.2726
0, 0.897959, 10.5938
0, 0.918367, 8.73014
0, 0.938776, 6.70397
0, 0.959184, 4.54661
0, 0.979592, 2.29709
0, 1, 0
0.1, 0, 0
0.1, 0.0204082, 2.19068
0.1, 0.0408163, 4.34011
0.1, 0.0612245, 6.40936
0.1, 0.0816327, 8.36393
0.1, 0.102041, 10.1755
0.1, 0.122449, 11.8229
0.1, 0.142857, 13.2931
0.1, 0.163265, 14.5805
0.1, 0.183673, 15.6868
0.1, 0.204082, 16.6198
0.1, 0.22449, 17.392
0.1, 0.244898, 18.0193
0.1, 0.265306, 18.5194
0.1, 0.285714, 18.9109
0.1, 0.306122, 19.2116
0.1, 0.326531, 19.4384
0.1, 0.346939, 19.6064
0.1, 0.367347, 19.7283
0.1, 0.387755, 19.8152
0.1, 0.408163, 19.8758
0.1, 0.428571, 19.9168
0.1, 0.44898, 19.9434
0.1, 0.469388, 19.9593
0.1, 0.489796, 19.9667
0.1, 0.510204, 19.9667
0.1, 0.530612, 19.9593
0.1, 0.55102, 19.9434
0.1, 0.571429, 19.9168
0.1, 0.591837, 19.8758
0.1, 0.612245, 19.8152
0.1, 0.632653, 19.7283
0.1, 0.653061, 19.6064
0.1, 0.673469, 19.4384
0.1, 0.693878, 19.2116
0.1, 0.714286, 18.9109
0.1, 0.734694, 18.5194
0.1, 0.755102, 18.0193
0.1, 0.77551, 17.392
0.1, 0.795918, 16.6198
0.1, 0.816327, 15.6868
0.1, 0.836735, 14.5805
0.1, 0.857143, 13.2931
0.1, 0.877551, 11.8229
0.1, 0.897959, 10.1755
0.1, 0.918367, 8.36393
0.1, 0.938776, 6.40936
0.1, 0.959184, 4.34011
0.1, 0.979592, 2.19068
0.1, 1, 0
0.2, 0, 0
0.2, 0.0204082, 2.09782
0.2, 0.0408163, 4.1594
0.2, 0.0612245, 6.1504
0.2, 0.0816327, 8.04005
0.2, 0.102041, 9.80258
0.2, 0.122449, 11.4182
0.2, 0.142857, 12.8737
0.2, 0.163265, 14.1625
0.2, 0.183673, 15.284
0.2, 0.204082, 16.2433
0.2, 0.22449, 17.0498
0.2, 0.244898, 17.7163
0.2, 0.265306, 18.2578
0.2, 0.285714, 18.6902
0.2, 0.306122, 19.0296
0.2, 0.326531, 19.2916
0.2, 0.346939, 19.4903
0.2, 0.367347, 19.6384
0.2, 0.387755, 19.7466
0.2, 0.408163, 19.8241
0.2, 0.428571, 19.8779
0.2, 0.44898, 19.9137
0.2, 0.469388, 19.9354
0.2, 0.489796, 19.9456
0.2, 0.510204, 19.9456
0.2, 0.530612, 19.9354
0.2, 0.55102, 19.9137
0.2, 0.571429, 19.8779
0.2, 0.591837, 19.8241
0.2, 0.612245, 19.7466
0.2, 0.632653, 19.6384
0.2, 0.653061, 19.4903
0.2, 0.673469, 19.2916
0.2, 0.693878, 19.0296
0.2, 0.714286, 18.6902
0.2, 0.734694, 18.2578
0.2, 0.755102, 17.7163
0.2, 0.77551, 17.0498
0.2, 0.795918, 16.2433
0.2, 0.816327, 15.284
0.2, 0.836735, 14.1625
0.2, 0.857143, 12.8737
0.2, 0.877551, 11.4182
0.2, 0.897959, 9.80258
0.2, 0.918367, 8.04005
0.2, 0.938776, 6.1504
0.2, 0.959184, 4.1594
0.2, 0.979592, 2.09782
0.2, 1, 0
0.3, 0, 0
0.3, 0.0204082, 2.01584
0.3, 0.0408163, 3.99953
0.3, 0.0612245, 5.92046
0.3, 0.0816327, 7.75097
0.3, 0.102041, 9.46753
0.3, 0.122449, 11.0516
0.3, 0.142857, 12.4902
0.3, 0.163265, 13.776
0.3, 0.183673, 14.9069
0.3, 0.204082, 15.8859
0.3, 0.22449, 16.7199
0.3, 0.244898, 17.4194
0.3, 0.265306, 17.9966
0.3, 0.285714, 18.4655
0.3, 0.306122, 18.8405
0.3, 0.326531, 19.1355
0.3, 0.346939, 19.3639
0.3, 0.367347, 19.5378
0.3, 0.387755, 19.6677
0.3, 0.408163, 19.7627
0.3, 0.428571, 19.8301
0.3, 0.44898, 19.8758
0.3, 0.469388, 19.904
0.3, 0.489796, 19.9174
0.3, 0.510204, 19.9174
0.3, 0.530612, 19.904
0.3, 0.55102, 19.8758
0.3, 0.571429, 19.8301
0.3, 0.591837, 19.7627
0.3, 0.612245, 19.6677
0.3, 0.632653, 19.5378
0.3, 0.653061, 19.3639
0.3, 0.673469, 19.1355
0.3, 0.693878, 18.8405
0.3, 0.714286, 18.4655
0.3, 0.734694, 17.9966
0.3, 0.755102, 17.4194
0.3, 0.77551, 16.7199
0.3, 0.795918, 15.8859
0.3, 0.816327, 14.9069
0.3, 0.836735, 13.776
0.3, 0.857143, 12.4902
0.3, 0.877551, 11.0516
0.3, 0.897959, 9.46753
0.3, 0.918367, 7.75097
0.3, 0.938776, 5.92046
0.3, 0.959184, 3.99953
0.3, 0.979592, 2.01584
0.3, 1, 0
0.4, 0, 0
0.4, 0.0204082, 1.94278
0.4, 0.0408163, 3.85678
0.4, 0.0612245, 5.7145
0.4, 0.0816327, 7.49089
0.4, 0.102041, 9.16439
0.4, 0.122449, 10.7176
0.4, 0.142857, 12.138
0.4, 0.163265, 13.4176
0.4, 0.183673, 14.5535
0.4, 0.204082, 15.547
0.4, 0.22449, 16.4031
0.4, 0.244898, 17.13
0.4, 0.265306, 17.7382
0.4, 0.285714, 18.2395
0.4, 0.306122, 18.6467
0.4, 0.326531, 18.9724
0.4, 0.346939, 19.229
0.4, 0.367347, 19.4279
0.4, 0.387755, 19.5793
0.4, 0.408163, 19.6921
0.4, 0.428571, 19.7735
0.4, 0.44898, 19.8295
0.4, 0.469388, 19.8645
0.4, 0.489796, 19.8812
0.4, 0.510204, 19.8812
0.4, 0.530612, 19.8645
0.4, 0.55102, 19.8295
0.4, 0.571429, 19.7735
0.4, 0.591837, 19.6921
0.4, 0.612245, 19.5793
0.4, 0.632653, 19.4279
0.4, 0.653061, 19.229
0.4, 0.673469, 18.9724
0.4, 0.693878, 18.6467
0.4, 0.714286, 18.2395
0.4, 0.734694, 17.7382
0.4, 0.755102, 17.13
0.4, 0.77551, 16.4031
0.4, 0.795918, 15.547
0.4, 0.816327, 14.5535
0.4, 0.836735, 13.4176
0.4, 0.857143, 12.138
0.4, 0.877551, 10.7176
0.4, 0.897959, 9.16439
0.4, 0.918367, 7.49089
0.4, 0.938776, 5.7145
0.4, 0.959184, 3.85678
0.4, 0.979592, 1.94278
0.4, 1, 0
0.5, 0, 0
0.5, 0.0204082, 1.87713
0.5, 0.0408163, 3.72829
0.5, 0.0612245, 5.52861
0.5, 0.0816327, 7.25528
0.5, 0.102041, 8.88843
0.5, 0.122449, 10.4118
0.5, 0.142857, 11.8132
0.5, 0.163265, 13.0845
0.5, 0.183673, 14.222
0.5, 0.204082, 15.2258
0.5, 0.22449, 16.0994
0.5, 0.244898, 16.8492
0.5, 0.265306, 17.484
0.5, 0.285714, 18.0139
0.5, 0.306122, 18.4501
0.5, 0.326531, 18.8042
0.5, 0.346939, 19.0873
0.5, 0.367347, 19.3101
0.5, 0.387755, 19.4824
0.5, 0.408163, 19.6127
0.5, 0.428571, 19.7082
0.5, 0.44898, 19.7747
0.5, 0.469388, 19.8167
0.5, 0.489796, 19.8369
0.5, 0.510204, 19.8369
0.5, 0.530612, 19.8167
0.5, 0.55102, 19.7747
0.5, 0.571429, 19.7082
0.5, 0.591837, 19.6127
0.5, 0.612245, 19.4824
0.5, 0.632653, 19.3101
0.5, 0.653061, 19.0873
0.5, 0.673469, 18.8042
0.5, 0.693878, 18.4501
0.5, 0.714286, 18.0139
0.5, 0.734694, 17.484
0.5, 0.755102, 16.8492
0.5, 0.77551, 16.0994
0.5, 0.795918, 15.2258
0.5, 0.816327, 14.222
0.5, 0.836735, 13.0845
0.5, 0.857143, 11.8132
0.5, 0.877551, 10.4118
0.5, 0.897959, 8.88843
0.5, 0.918367, 7.25528
0.5, 0.938776, 5.52861
0.5, 0.959184, 3.72829
0.5, 0.979592, 1.87713
0.5, 1, 0
0.6, 0, 0
0.6, 0.0204082, 1.81771
0.6, 0.0408163, 3.61184
0.6, 0.0612245, 5.35974
0.6, 0.0816327, 7.04053
0.6, 0.102041, 8.63584
0.6, 0.122449, 10.1304
0.6, 0.142857, 11.5125
0.6, 0.163265, 12.7739
0.6, 0.183673, 13.9105
0.6, 0.204082, 14.9213
0.6, 0.22449, 15.8086
0.6, 0.244898, 16.5774
0.6, 0.265306, 17.235
0.6, 0.285714, 17.79
0.6, 0.306122, 18.2524
0.6, 0.326531, 18.6323
0.6, 0.346939, 18.9401
0.6, 0.367347, 19.1856
0.6, 0.387755, 19.3779
0.6, 0.408163, 19.5253
0.6, 0.428571, 19.6346
0.6, 0.44898, 19.7115
0.6, 0.469388, 19.7604
0.6, 0.489796, 19.7842
0.6, 0.510204, 19.7842
0.6, 0.530612, 19.7604
0.6, 0.55102, 19.7115
0.6, 0.571429, 19.6346
0.6, 0.591837, 19.5253
0.6, 0.612245, 19.3779
0.6, 0.632653, 19.1856
0.6, 0.653061, 18.9401
0.6, 0.673469, 18.6323
0.6, 0.693878, 18.2524
0.6, 0.714286, 17.79
0.6, 0.734694, 17.235
0.6, 0.755102, 16.5774
0.6, 0.77551, 15.8086
0.6, 0.795918, 14.9213
0.6, 0.816327, 13.9105
0.6, 0.836735, 12.7739
0.6, 0.857143, 11.5125
0.6, 0.877551, 10.1304
0.6, 0.897959, 8.63584
0.6, 0.918367, 7.04053
0.6, 0.938776, 5.35974
0.6, 0.959184, 3.61184
0.6, 0.979592, 1.81771
0.6, 1, 0
0.7, 0, 0
0.7, 0.0204082, 1.7636
0.7, 0.0408163, 3.50566
0.7, 0.0612245, 5.20545
0.7, 0.0816327, 6.84375
0.7, 0.102041, 8.40351
0.7, 0.122449, 9.8704
0.7, 0.142857, 11.2331
0.7, 0.163265, 12.4837
0.7, 0.183673, 13.6173
0.7, 0.204082, 14.6324
0.7, 0.22449, 15.5303
0.7, 0.244898, 16.3148
0.7, 0.265306, 16.9919
0.7, 0.285714, 17.569
0.7, 0.306122, 18.0546
0.7, 0.326531, 18.4581
0.7, 0.346939, 18.7886
0.7, 0.367347, 19.0553
0.7, 0.387755, 19.2667
0.7, 0.408163, 19.4304
0.7, 0.428571, 19.5531
0.7, 0.44898, 19.6402
0.7, 0.469388, 19.6959
0.7, 0.489796, 19.7231
0.7, 0.510204, 19.7231
0.7, 0.530612, 19.6959
0.7, 0.55102, 19.6402
0.7, 0.571429, 19.5531
0.7, 0.591837, 19.4304
0.7, 0.612245, 19.2667
0.7, 0.632653, 19.0553
0.7, 0.653061, 18.7886
0.7, 0.673469, 18.4581
0.7, 0.693878, 18.0546
0.7, 0.714286, 17.569
0.7, 0.734694, 16.9919
0.7, 0.755102, 16.3148
0.7, 0.77551, 15.5303
0.7, 0.795918, 14.6324
0.7, 0.816327, 13.6173
0.7, 0.836735, 12.4837
0.7, 0.857143, 11.2331
0.7, 0.877551, 9.8704
0.7, 0.897959, 8.40351
0.7, 0.918367, 6.84375
0.7, 0.938776, 5.20545
0.7, 0.959184, 3.50566
0.7, 0.979592, 1.7636
0.7, 1, 0
0.8, 0, 0
0.8, 0.0204082, 1.71404
0.8, 0.0408163, 3.40832
0.8, 0.0612245, 5.06374
0.8, 0.0816327, 6.66255
0.8, 0.102041, 8.18889
0.8, 0.122449, 9.62924
0.8, 0.142857, 10.9728
0.8, 0.163265, 12.2116
0.8, 0.183673, 13.3407
0.8, 0.204082, 14.358
0.8, 0.22449, 15.2639
0.8, 0.244898, 16.0613
0.8, 0.265306, 16.7549
0.8, 0.285714, 17.3513
0.8, 0.306122, 17.8577
0.8, 0.326531, 18.2825
0.8, 0.346939, 18.6339
0.8, 0.367347, 18.9202
0.8, 0.387755, 19.1494
0.8, 0.408163, 19.3286
0.8, 0.428571, 19.4641
0.8, 0.44898, 19.561
0.8, 0.469388, 19.6234
0.8, 0.489796, 19.6539
0.8, 0.510204, 19.6539
0.8, 0.530612, 19.6234
0.8, 0.55102, 19.561
0.8, 0.571429, 19.4641
0.8, 0.591837, 19.3286
0.8, 0.612245, 19.1494
0.8, 0.632653, 18.9202
0.8, 0.653061, 18.6339
0.8, 0.673469, 18.2825
0.8, 0.693878, 17.8577
0.8, 0.714286, 17.3513
0.8, 0.734694, 16.7549
0.8, 0.755102, 16.0613
0.8, 0.77551, 15.2639
0.8, 0.795918, 14.358
0.8, 0.816327, 13.3407
0.8, 0.836735, 12.2116
0.8, 0.857143, 10.9728
0.8, 0.877551, 9.62924
0.8, 0.897959, 8.18889
0.8, 0.918367, 6.66255
0.8, 0.938776, 5.06374
0.8, 0.959184, 3.40832
0.8, 0.979592, 1.71404
0.8, 1, 0
0.9, 0, 0
0.9, 0.0204082, 1.66845
0.9, 0.0408163, 3.31866
0.9, 0.0612245, 4.933
0.9, 0.0816327, 6.49499
0.9, 0.102041, 7.98983
0.9, 0.122449, 9.40476
0.9, 0.142857, 10.7294
0.9, 0.163265, 11.9561
0.9, 0.183673, 13.0795
0.9, 0.204082, 14.0971
0.9, 0.22449, 15.0089
0.9, 0.244898, 15.8166
0.9, 0.265306, 16.5244
0.9, 0.285714, 17.1375
0.9, 0.306122, 17.6623
0.9, 0.326531, 18.1062
0.9, 0.346939, 18.4766
0.9, 0.367347, 18.7811
0.9, 0.387755, 19.0269
0.9, 0.408163, 19.2206
0.9, 0.428571, 19.3682
0.9, 0.44898, 19.4744
0.9, 0.469388, 19.5431
0.9, 0.489796, 19.5768
0.9, 0.510204, 19.5768
0.9, 0.530612, 19.5431
0.9, 0.55102, 19.4744
0.9, 0.571429, 19.3682
0.9, 0.591837, 19.2206
0.9, 0.612245, 19.0269
0.9, 0.632653, 18.7811
0.9, 0.653061, 18.4766
0.9, 0.673469, 18.1062
0.9, 0.693878, 17.6623
0.9, 0.714286, 17.1375
0.9, 0.734694, 16.5244
0.9, 0.755102, 15.8166
0.9, 0.77551, 15.0089
0.9, 0.795918, 14.0971
0.9, 0.816327, 13.0795
0.9, 0.836735, 11.9561
0.9, 0.857143, 10.7294
0.9, 0.877551, 9.40476
0.9, 0.897959, 7.98983
0.9, 0.918367, 6.49499
0.9, 0.938776, 4.933
0.9, 0.959184, 3.31866
0.9, 0.979592, 1.66845
0.9, 1, 0
1, 0, 0
1, 0.0204082, 1.6263
1, 0.0408163, 3.23571
1, 0.0612245, 4.81187
1, 0.0816327, 6.33943
1, 0.102041, 7.80453
1, 0.122449, 9.19512
1, 0.142857, 10.5013
1, 0.163265, 11.7154
1, 0.183673, 12.8322
1, 0.204082, 13.8488
1, 0.22449, 14.7645
1, 0.244898, 15.5806
1, 0.265306, 16.3002
1, 0.285714, 16.9278
1, 0.306122, 17.4689
1, 0.326531, 17.9299
1, 0.346939, 18.3175
1, 0.367347, 18.6386
1, 0.387755, 18.8997
1, 0.408163, 19.107
1, 0.428571, 19.2659
1, 0.44898, 19.3809
1, 0.469388, 19.4556
1, 0.489796, 19.4923
1, 0.510204, 19.4923
1, 0.530612, 19.4556
1, 0.55102, 19.3809
1, 0.571429, 19.2659
1, 0.591837, 19.107
1, 0.612245, 18.8997
1, 0.632653, 18.6386
1, 0.653061, 18.3175
1, 0.673469, 17.9299
1, 0.693878, 17.4689
1, 0.714286, 16.9278
1, 0.734694, 16.3002
1, 0.755102, 15.5806
1, 0.77551, 14.7645
1, 0.795918, 13.8488
1, 0.816327, 12.8322
1, 0.836735, 11.7154
1, 0.857143, 10.5013
1, 0.877551, 9.19512
1, 0.897959, 7.80453
1, 0.918367, 6.33943
1, 0.938776, 4.81187
1, 0.959184, 3.23571
1, 0.979592, 1.6263
1, 1, 0
